0111111100100110000001101111110000011001001001011000001110101000101101111101000001111110101110100010001001101111001100100001010010011101011000010111101010111001100100000110001001011000010110000000100011011010011110101111000010101110000010110000000111001000111100000100101111100110111000010101011110000011011111010000110011101001001101101100010000011110000010100100001000000110001000100110110101111111100110000101100011111011011001000001100001001100101001001101111000001111111110001010100001010010011000011101001101111100110111000010001111000010100100110000100000111001011011111001101110011001000010010010110100001101110101001100001011100001010101111010111100111000111100011101001101101011100100011010000101100000000110111010000011011111010010100000100011110011001000001001110101101011000111101111001100100001001111111001010010010101110010111100110000000100100101101000001101111101001010110101010011110010101
011111110010001000101000111010110000011000010001111001100100001000101000010100100110000010000110111000010000011110001011111001111101101100100000101110000011010100101001110000001110101000000001100001000100010100010101111000110100100010100000100010010100111000000101001101101001000010000010101010000110110011110001111111001100011010010101000011000010011111101101111000010010110000100000101000010011101001010111011110010101
001011100000100010001101000001010011011010010000110111101011001001100100111101011101001110011010000010100011110000010100100110000001111010011100111000111011111100001000001111000101010111100000111111001111010000110011101001001101000011111101001110101010010100110111100000101101101001110000010010010110100010101011110000011111100111101000011001110100100110100001111110100111010101001010011011110000111111100110010000010101
0010110100011111000001100100100101100000111010100010110001001110101001110111100000111010010110111011111011010101001001011010000100100101111001010010011101001001101000001010001111000001010010011010101101111001110101001110101101100100001001001011010001110010100011101011000010111101111110101110001010111000000111110001111000011000001001110011100110111111101001000010110000000010100110000010001110001100010001111010110000100100101101000001111100011111101010011101111000110011111011101000011100100111010011110100100110100001010010011101001001101101100001011000000010100100110101010010101
0010110111110000000101001001101001000001011100001100000100100010111100000100100110000101001001101111000101000111110000011111101011101111101000100101100100001001001011010000111011001001111100111001101000010110000001010001110011101000010100001001110111110100001110010010011101011001010100000101110000010001001010011100000011110111010000011001001000010000001110111001010101011101100001000101001110111100001000111001110000101000010011110101101100010000011110000101001001100000011001000111101110011010111110011100001001001011010001110010100011101011000010111110011101100000101001000100010100000110111010000011011111010010100000100011110000001000100101100000101001101101001000101001110111101111000000111010111100011110011100111000001011000000101011100010101
011111000010100001000000011010111001001001011000110000001011100001100001001001000011011110101101011110100100110100111011101011001000000111110010100100111010010100000001111111110001010100001111100011111110011111001001000100101000010101000001011100111100010001001110000001101110010110110000111010001011010100011101001000010100100110000100111100011010010001010110010001011001110011000001000000010110011001100000110001110110011010011011100001110101100010100101000111000111001000010100011101100010101
0010111100100001010010011000001100010000011101111101111000010000011110000101001001110101100001110111000111111000000101110000010001001010011100000010001000110100001000000011011111110010001010001010101001001011110000110100101100010000011101001010111011111011000001100111001010010000001000000011011111110010001010001010101001001011110000101000110100010100001110110000001100001001000000001000100101001110000001010011011010010000110001000100101100011011111001110011010000011001110010100100000101010100010101011101111101100010000011110000110001000100110111100111110101001110110100101100011000101010000010111000001000100101001110000011101110101001110011010000100000001101111111001000101000011011100100011100000100101011000100100110100000110111111000001100100100101100000111010100010110010101
001011100000100010010100111000010111101101001000010100100110101010001110100101011110101010100010111001110011110011001000011000011101000101111000001000101000001000100100101101001010100001111100010010110100001010010001000101000001000100101110010111110100010100010101001110011000001000001110101011010001111100010100111001101000101010111100001000101000111010011110100010010001000001111000010100100110101010010101
0010110111000100110100111010100111011110000010111000101011100101000100010011100001000001111000010100100110101010000011000010010000001011110110101011100110100001011000000101011100000100010100001000111001110000011000011101100100111100101100010111110001101001000101110011010110010000010111000010111111110110011010000101001001100001100111110111010001101111111010101110100101010001000001111000101100100100000110011101001001101000001001110101010001010101111000001111110011110100001100111010010011010000111111010011101010100101001101111000001011011010011100110010000011000010011100110000010000000101110000010001001010011100000100011100011000100011110101100000101100111010100001010010101
00101110000011001000001110011100110100001011111011110000010110000000011111110100101101000100000111001010110010001011100001100100011100011110000101001001110101100000110001001011000010000010100011011111011100010010001000001111000010111110011101100000011101001011011101111101101010100100101101111010010011010010101
01111100110001110010101100100000110000100100011010100111011110001110010100000110001001011011001000001001100110010001000111100010110010011001100100000110010000011100111001101000010001110001100010001111010110001011010001111000101101001
0010110101011111110010001000101000111010110000100000001000100010100101010010110101
0111111100100110100100000101110000011001000001110011100110100010011101010011101111000010101000111000101100100001011000000010100100010001010001010001101111101110001001000010000101001000001110010100000101001000010000001100010001001101101011111111001100001011000111110110110010001000111100010100011111110101011101010010100011100000011111000111111010110101101101100100010001111000101101010100111110110010101000001011100000110010000011100111001101000001010011111110100100110100010101011110101111001110001111000011011000001100100100001011000000001001110101100001110110101001110011100010101
0010111000001100100000111001110011010000101010001110001011001000010110000000010011101010100001000010100100000111001010000010100111111100110100110111001100100001001001011010000011011000011100011110110010000100100101101000101000100001110111001011110011000101101100100001001001011010001001110011000001011001010111101101011001010100001111100010010110100001010010011000000110111111000001100100100101100000111010100000000110010000011100111001101000001010011000000110111111100100010101110011110000101000011101100100101111001101000010110000000010001001010011100001010111001010001011001110011000001000000100000101111010011011111000101000111011000010101010010010010101
